1000000
7586063
999812 999997 24.905890371473905
986463 992366 67.3672301143439
986460 994807 41.76678676444513
986458 986476 75.85793432404871
986454 994389 86.73489253228993
986450 999876 2.821232265482654
986440 987515 75.42354546156649
986436 994478 36.89731455514372
986435 997818 26.98878756865637
986432 992741 0.09132896018874126
986430 997149 78.07925228090863
986427 998318 39.363055978582594
986426 997220 95.7125519201521
986423 988988 10.769928921512317
986422 993918 16.63778600412533
986420 990199 95.98987387822223
986419 988176 0.8395529216478792
986404 995203 2.8047337669989236
986399 987421 11.852943403934713
986396 996293 63.73983304918362
986391 989343 5.060672988379933
986387 992831 3.9876843785342064
986384 987395 30.121020309079547
986376 993252 14.763461523692545
986375 995940 30.92928070921206
986371 995189 50.428667869900735
986367 997846 59.65954365634111
986360 991053 96.47189806822462
986359 996672 46.89317273831761
986357 999929 5.458934897234691
986356 992563 81.85402845851536
986349 986467 14.37791844455859
986349 989873 32.38890280962112
986347 998122 79.74119297712764
986323 993536 58.41787351799279
986317 995296 57.00821645760763
986316 988416 62.80961798703885
986316 996664 14.320395441202983
986314 997179 55.498867009527174
986312 993878 83.45882751822086
986307 997455 38.45837101261689
986305 996507 84.9312720994991
986301 988927 16.978969091217543
986290 998241 11.060131453939714
986283 992557 5.524594162484364
986277 987272 48.08564511779549
986275 999219 80.95235213137828
986267 999121 73.13738160903179
986266 990375 81.67228301883365
986265 995046 77.29467912680697
986262 999357 5.7300026724721125
986261 996047 64.99728915560414
986257 997329 4.0041231695944095
986252 996108 31.238143561766385
986250 989282 34.70739772187677
986249 991308 60.04064680477197
986245 988125 62.966655193836814
986244 995087 54.77489616881089
986240 986335 83.04509829141087
986217 987752 57.2955670211672
986213 988190 72.18730939653247
986205 998074 38.39576443133404
986203 990652 73.35036605851161
986203 996282 16.6854248090219
986191 987653 51.28495129668017
986188 991414 52.052067135383226
986186 986412 82.4112074097467
986183 992033 48.99011909027708
913650 919 79.86267147691898
